46 0
57 0
86 0
107 0
116 0
173 0
316 0
115 0
140 0
209 0
270 0
54 0
137 0
236 0
241 0
78 0
205 0
74 0
174 0
362 0
138 0
285 0
13 0
328 0
104 0
185 0
193 0
142 0
354 0
284 0
114 0
315 0
162 0
379 0
187 0
22 0
136 0
40 0
313 0
238 1
239 1
17 1
19 1
118 1
53 1
355 1
119 1
161 1
99 1
135 1
176 1
100 1
117 1
36 1
141 1
194 1
237 1
2 1
63 1
134 1
314 1
188 1
309 1
246 2
310 2
312 2
56 2
95 2
179 2
327 2
358 2
3 2
216 2
219 2
361 2
274 2
359 2
168 2
85 2
217 2
251 3
37 3
132 3
290 3
318 3
220 3
230 3
353 3
214 3
105 3
229 3
68 3
269 3
172 3
133 3
357 3
381 3
44 3
382 3
34 4
218 4
344 4
165 4
232 4
341 4
55 4
58 4
8 4
87 4
101 4
177 4
222 4
380 4
112 4
113 4
102 5
38 5
42 5
196 5
201 5
80 5
163 5
189 5
352 5
211 5
235 5
4 5
195 5
210 5
383 5
198 5
200 5
368 6
369 6
377 6
365 6
366 6
378 6
364 6
367 6
376 6
186 6
373 7
224 7
297 7
319 7
97 7
184 7
281 7
157 7
298 7
277 7
299 8
171 8
306 8
325 8
139 8
64 8
147 8
108 8
158 8
337 8
215 8
347 9
348 9
47 9
106 9
159 9
27 9
152 9
160 9
14 9
151 9
127 10
154 10
144 10
243 10
333 10
263 10
28 10
52 10
155 10
12 10
143 10
375 11
146 11
192 11
129 11
363 11
167 11
227 11
283 11
156 11
10 11
130 12
339 12
11 12
49 12
41 12
66 12
226 12
61 12
131 12
250 13
350 13
148 13
45 13
96 13
122 13
329 13
268 13
360 13
260 13
9 13
121 14
149 14
261 14
276 14
254 14
262 14
181 14
212 14
282 14
124 15
234 15
70 15
326 15
233 15
82 15
109 15
307 15
6 15
76 16
256 16
267 16
296 16
320 16
50 16
302 16
166 16
289 16
7 16
321 16
248 17
286 17
33 17
308 17
264 17
292 17
29 17
71 17
98 17
265 17
225 17
252 18
346 18
79 18
84 18
92 18
16 18
343 18
345 18
32 18
170 18
20 18
293 18
342 18
294 19
208 19
331 19
175 19
244 19
203 19
24 19
223 19
300 20
279 20
228 20
273 20
35 20
255 20
150 20
204 20
65 20
77 21
295 21
23 21
90 21
258 21
202 21
207 21
111 21
324 21
213 21
199 21
75 22
245 22
242 22
288 22
94 22
48 22
322 22
191 23
128 23
183 23
385 23
182 23
51 23
197 23
190 23
370 24
126 24
25 24
278 24
259 24
272 24
332 24
21 25
253 25
351 25
59 25
164 25
287 25
125 26
30 26
178 26
206 26
1 26
317 26
103 26
221 27
311 27
231 27
169 27
26 27
291 27
349 28
91 28
266 28
305 28
271 28
323 28
384 28
247 29
330 29
60 29
356 29
43 29
69 29
301 30
81 30
145 30
257 30
5 30
334 31
180 31
336 31
15 31
39 31
275 31
335 31
72 32
340 32
123 32
153 32
110 32
18 33
62 33
89 34
249 34
67 34
338 35
374 35
372 36
371 36
83 37
93 37
120 37
73 37
240 38
31 38
280 38
88 39e
303 40
304 40
